154.008503 145.990797 154.802989 145.990797 141.468067 123.380912 129.877613 143.358168 154.802989 157.262406 153.226037 144.657734 139.050805 139.050805 150.947254 156.429538 169.522029 148.764652 141.468067 126.992851 117.221382 139.644611 148.057117 167.436262 150.209439 163.501285 143.358168 132.932832 114.580108
126.065944 148.057117 135.624386 136.179923 103.675731 80.147611 83.667336 115.695608 154.802989 176.337136 142.720428 119.597911 95.177977 85.521298 105.187236 145.319971 167.436262 158.108906 125.155357 90.816968 72.434838 91.283759 123.380912 149.482001 167.436262 148.764652 129.385507 79.396945 68.970853
113.488161 133.460054 149.482001 113.849588 67.766608 36.471399 42.862575 87.662332 141.468067 163.501285 128.415122 78.657018 38.882830 35.505544 65.014124 120.414989 145.990797 155.609869 95.431383 53.320997 23.783069 40.088479 83.465384 131.382666 150.947254 142.720428 86.367106 38.206300 23.403053
98.573240 150.947254 139.050805 88.990830 43.696637 13.969175 21.604670 74.766463 125.608647 146.670439 110.684222 55.857930 13.550218 9.973562 43.790146 102.207149 145.319971 150.947254 86.154354 31.887286 0.000000 14.870890 71.948592 133.992705 154.008503 135.074753 69.583657 18.413983 1.672348
111.026513 158.108906 149.482001 103.974519 55.504570 22.217764 35.029298 77.746752 127.936673 139.050805 112.772796 70.048072 31.075802 22.279475 53.659702 109.005944 147.359131 139.644611 95.686036 43.231609 16.171273 32.787309 90.816968 136.741492 177.565697 130.374447 81.877538 29.490059 11.857020
128.415122 172.817411 153.226037 123.818849 90.816968 70.048072 79.025658 114.580108 136.179923 145.990797 127.936673 106.429072 69.583657 72.110166 90.816968 123.380912 150.209439 177.565697 133.992705 91.518743 69.429774 77.208184 116.835698 142.090457 154.008503 155.609869 107.380417 79.958921 63.211851
154.008503 172.817411 154.802989 157.262406 138.463738 120.414989 122.516009 149.482001 145.319971 148.764652 147.359131 133.992705 129.877613 123.380912 123.818849 140.245315 159.844639 149.482001 158.969492 137.883261 115.321095 117.221382 150.209439 157.262406 161.640653 163.501285 145.319971 129.385507 108.676725
160.734851 150.947254 149.482001 151.695748 151.695748 161.640653 154.008503 146.670439 133.992705 138.463738 152.455233 165.431360 160.734851 140.245315 149.482001 129.877613 142.720428 145.990797 159.844639 160.734851 158.108906 144.657734 173.964243 150.947254 154.008503 150.209439 161.640653 160.734851 154.802989
127.936673 99.664419 95.431383 120.414989 145.990797 164.457320 148.057117 126.992851 103.083285 93.194225 106.115806 132.932832 164.457320 147.359131 155.609869 120.828421 105.187236 102.207149 126.992851 156.429538 170.597327 167.436262 135.074753 113.488161 95.431383 98.843884 130.374447 157.262406 159.844639
91.049837 49.525121 48.387463 84.483126 120.828421 137.883261 132.932832 91.754800 56.691950 35.029298 61.602178 111.717967 153.226037 167.436262 127.462609 87.226976 46.282697 52.097719 90.585144 127.936673 171.695458 148.764652 109.670734 60.945991 39.053355 54.114786 105.494911 152.455233 138.463738
54.573910 11.105336 15.734169 59.277873 110.344181 150.209439 126.065944 69.737999 26.725842 6.582725 39.654657 88.990830 153.226037 151.695748 104.577323 50.795427 12.979637 14.604044 66.735415 115.695608 154.802989 142.720428 86.795254 31.075802 2.297951 22.403118 75.452414 137.883261 156.429538
49.108526 9.537349 18.071314 61.207467 122.946653 157.262406 145.319971 80.527070 29.632225 15.571203 40.088479 93.194225 132.410931 156.429538 107.701461 50.050629 11.155110 16.171273 60.426970 122.946653 164.457320 139.050805 78.473678 31.222400 4.221484 25.135556 80.909333 140.245315 155.609869
77.746752 48.592457 50.368515 88.990830 135.624386 150.209439 136.741492 102.789587 64.313491 52.317992 71.787520 116.452869 150.947254 157.262406 123.380912 78.841010 48.695260 49.839785 85.311990 134.530900 158.969492 139.050805 101.631196 64.873236 42.223033 57.053545 103.974519 135.074753 154.802989
120.414989 100.218765 108.024510 125.608647 146.670439 168.468632 158.108906 139.050805 108.024510 101.918371 118.793540 140.245315 149.482001 172.817411 150.209439 121.245184 93.438073 103.675731 120.414989 152.455233 161.640653 149.482001 139.644611 106.429072 92.230171 103.083285 131.382666 148.764652 166.424097
150.947254 152.455233 140.245315 148.764652 166.424097 151.695748 160.734851 155.609869 147.359131 155.609869 150.947254 137.883261 144.003869 149.482001 158.108906 164.457320 139.644611 130.374447 151.695748 155.609869 147.359131 151.695748 161.640653 150.209439 125.155357 128.415122 158.969492 148.057117 140.853078
144.657734 167.436262 173.964243 141.468067 130.876100 114.580108 125.155357 133.460054 142.090457 131.894243 145.319971 133.460054 103.974519 120.414989 130.876100 148.057117 147.359131 143.358168 153.226037 130.374447 109.670734 118.793540 142.090457 150.209439 151.695748 159.844639 137.309226 112.772796 114.580108
134.530900 151.695748 148.057117 124.260525 84.689100 62.266798 69.583657 106.744247 124.260525 141.468067 128.898039 99.664419 64.452860 62.535056 88.101384 120.414989 142.720428 141.468067 121.665332 88.322316 62.804712 72.110166 105.804427 133.992705 159.844639 145.990797 118.395998 76.147586 66.589765
108.676725 138.463738 130.374447 98.304004 47.575515 19.572893 30.856680 74.257904 120.414989 152.455233 118.001488 67.322148 27.403170 17.561530 53.886743 111.717967 153.226037 149.482001 105.187236 49.212361 21.240272 30.929617 77.208184 117.221382 154.802989 145.990797 89.215602 38.968022 16.006926
98.036163 149.482001 137.309226 88.990830 37.043257 0.727552 20.102997 72.272247 129.385507 155.609869 119.194162 62.535056 15.408749 5.993497 41.322906 112.067192 154.802989 150.947254 103.378660 40.967196 5.678980 21.787836 70.989603 124.260525 140.245315 131.382666 77.387084 25.200850 6.038585
114.213558 158.108906 154.008503 105.494911 66.444525 31.887286 47.979896 93.194225 126.065944 142.090457 136.179923 90.585144 42.404953 35.745322 73.090360 118.793540 145.319971 159.844639 115.695608 57.907231 35.187560 49.420657 83.667336 130.374447 154.802989 139.050805 88.767030 47.074446 31.887286
150.209439 157.262406 154.008503 137.309226 107.380417 85.103525 93.929245 121.665332 130.876100 143.358168 139.644611 130.374447 101.918371 89.441355 111.026513 149.482001 158.108906 144.003869 136.179923 95.177977 83.465384 97.240863 125.608647 148.057117 159.844639 144.003869 122.946653 96.978458 82.467282
152.455233 149.482001 163.501285 148.764652 160.734851 125.608647 135.624386 157.262406 139.644611 137.309226 159.844639 156.429538 144.003869 143.358168 149.482001 151.695748 155.609869 143.358168 159.844639 141.468067 136.179923 136.741492 145.319971 154.802989 157.262406 154.802989 148.057117 148.057117 127.462609
131.382666 134.530900 126.992851 151.695748 162.562603 147.359131 164.457320 145.319971 136.179923 130.374447 134.530900 168.468632 170.597327 148.057117 154.802989 140.245315 116.452869 113.488161 147.359131 151.695748 151.695748 172.817411 163.501285 140.245315 126.992851 126.527321 138.463738 155.609869 135.624386
98.304004 77.566605 84.689100 113.488161 163.501285 164.457320 155.609869 128.898039 93.438073 83.264216 97.769702 133.460054 154.008503 153.226037 135.074753 93.194225 68.970853 68.667153 102.789587 143.358168 161.640653 167.436262 128.898039 88.990830 75.625333 89.895840 119.194162 140.245315 146.670439
60.556237 30.711113 31.149049 67.915614 132.410931 158.108906 145.319971 98.573240 43.977673 31.738793 56.571977 118.001488 134.530900 150.209439 118.793540 56.932732 22.589139 27.539707 69.123375 124.706006 150.947254 143.358168 99.940850 49.629796 22.838213 42.496154 94.176591 137.309226 150.947254
49.004900 11.155110 11.605243 53.659702 112.418791 151.695748 142.090457 72.272247 26.793177 3.572325 32.110828 93.929245 143.358168 145.990797 106.429072 45.309756 4.923021 12.059328 56.332865 109.670734 149.482001 140.245315 86.580737 35.029298 1.259445 21.422150 82.073373 145.990797 142.720428
60.169399 25.726198 33.934819 73.255547 133.992705 161.640653 144.003869 88.322316 34.167408 16.061650 42.223033 88.544195 131.382666 154.802989 111.371085 66.299692 33.090831 32.711706 66.735415 118.001488 156.429538 147.359131 101.061587 54.920948 24.358381 44.071693 91.991939 148.057117 165.431360
102.789587 68.818780 71.626949 110.344181 150.209439 171.695458 143.358168 116.835698 82.864214 63.622221 83.063829 124.260525 140.245315 172.817411 139.050805 102.789587 80.527070 77.029900 101.631196 124.706006 155.609869 161.640653 135.624386 93.194225 73.754297 81.488078 128.415122 150.209439 175.137082
146.670439 126.992851 113.488161 154.008503 165.431360 155.609869 165.431360 147.359131 125.155357 116.072853 121.665332 158.969492 180.113996 172.817411 171.695458 139.644611 126.992851 126.992851 145.319971 139.644611 156.429538 158.969492 153.226037 129.385507 120.414989 133.992705 147.359131 163.501285 149.482001
