108.174065 91.295031 42.642646 20.194176 32.068788 66.040272 92.562741 113.661893 120.900031 72.151226 32.871910 25.527422 42.642646 79.579021 95.875012 99.414012 80.587240 59.548755 35.358927 40.959374 63.418132 97.969226 107.313479 99.414012 69.209410 41.196513 32.669957 48.868993 78.590080
92.562741 67.998113 34.516563 11.204498 20.194176 49.983691 84.828960 110.845227 78.102612 56.584990 21.476821 10.150564 26.951325 53.479616 79.579021 97.261691 66.814538 44.635957 18.023354 21.802515 54.699484 86.513799 82.137406 89.449888 54.391809 31.474526 16.822603 35.999828 78.590080
58.210517 38.195403 18.480921 5.418295 13.657433 32.669957 52.583233 73.465099 53.179092 39.789717 14.501631 0.000000 12.144643 39.558927 48.594032 52.583233 46.183031 32.268402 10.938994 9.373973 41.674079 52.287858 59.888795 49.423339 34.936030 10.412041 1.192507 21.476821 41.434745
28.415542 25.879740 18.023354 15.215809 22.294933 27.495560 28.230232 34.936030 28.045583 29.541566 21.802515 17.569799 16.232523 27.678252 21.476821 22.792086 25.003406 33.278196 16.822603 24.312875 32.871910 31.082112 13.102195 21.802515 24.312875 11.337762 14.928953 25.879740 25.527422
11.337762 22.625837 41.434745 42.156095 44.382551 39.100413 26.056803 15.215809 22.460120 40.488332 52.287858 48.594032 42.642646 25.003406 7.358326 6.500594 26.234474 46.709180 57.229083 47.240737 34.725871 12.826795 4.358181 13.937304 33.482542 34.936030 39.789717 41.434745 31.671856
11.874282 36.431550 75.731895 90.057651 72.151226 59.888795 26.056803 18.023354 30.499016 49.423339 76.197424 88.255378 74.813220 42.156095 11.874282 15.072183 34.725871 68.398735 75.731895 70.449757 51.411722 25.703281 5.418295 21.966134 45.921950 74.359931 78.102612 65.657442 48.868993
26.771179 50.266160 95.875012 104.007562 101.659806 74.813220 48.594032 31.869941 39.789717 67.998113 99.414012 95.875012 87.668312 61.977370 26.412757 23.462477 55.633645 84.828960 95.195370 91.925002 65.657442 41.196513 28.601518 35.785310 65.657442 86.513799 88.255378 93.862307 67.600571
34.936030 57.229083 88.255378 114.635934 115.628670 70.869906 51.994161 33.482542 34.100471 63.418132 96.563704 120.900031 96.563704 66.425956 26.951325 32.068788 52.287858 90.057651 109.049213 101.659806 81.098817 48.320525 30.113907 38.195403 62.692734 93.862307 109.939424 91.295031 62.692734
23.294063 43.629699 79.082187 94.524544 87.668312 67.206061 34.516563 23.971036 28.788166 56.265927 83.735473 90.672640 82.137406 52.583233 26.951325 18.788230 57.554163 96.563704 92.562741 91.925002 75.270518 37.085966 19.721268 31.474526 56.584990 77.141246 93.208442 78.590080 55.320380
12.280355 23.126195 43.381164 60.231087 61.977370 34.725871 15.794339 10.281137 19.408382 42.642646 62.692734 66.425956 66.040272 38.645929 18.327948 10.020320 34.936030 61.271766 69.209410 65.277426 45.146523 22.625837 8.862649 14.928953 46.445436 64.153848 67.206061 55.948820 35.147046
18.788230 26.771179 28.415542 30.306103 31.474526 19.097376 17.720543 9.502598 11.204498 29.731643 26.951325 33.482542 26.056803 25.879740 11.204498 19.097376 25.352159 29.352184 25.177489 33.278196 30.499016 20.036059 14.501631 22.460120 33.687699 43.629699 37.085966 36.648770 32.871910
37.305958 34.516563 19.878424 11.874282 10.020320 20.352778 32.268402 40.254410 38.420176 25.177489 13.797180 5.896523 15.939988 33.074654 38.195403 40.959374 30.499016 25.879740 9.760811 15.215809 23.462477 34.516563 34.100471 40.959374 34.725871 17.269624 16.526722 18.023354 31.474526
64.525669 52.880305 21.802515 14.501631 18.634347 32.268402 58.875308 66.814538 59.888795 52.287858 17.419494 7.730324 19.564588 47.240737 76.197424 67.600571 60.575658 30.692652 8.105018 7.854921 39.329162 51.994161 73.023422 71.293495 43.133818 17.720543 10.412041 25.352159 46.445436
95.195370 72.151226 36.648770 17.269624 29.922422 51.994161 83.735473 95.875012 82.137406 55.320380 28.415542 23.462477 35.358927 65.657442 103.213076 110.845227 83.197279 44.890610 16.526722 22.460120 53.479616 84.828960 100.151828 84.828960 62.333815 31.277947 21.153165 32.268402 69.619563
109.939424 84.279327 50.550181 30.887015 34.725871 62.692734 91.925002 122.021984 96.563704 70.869906 35.785310 30.887015 55.948820 84.828960 104.814443 119.801901 88.255378 60.231087 28.415542 33.482542 63.784682 81.615504 106.466979 101.659806 63.784682 45.146523 26.412757 37.305958 83.197279
99.414012 77.619695 47.508578 22.460120 32.871910 64.153848 91.925002 104.814443 94.524544 59.548755 32.669957 26.234474 47.777813 87.668312 114.635934 108.174065 74.813220 47.240737 25.703281 31.474526 59.210935 91.295031 100.151828 94.524544 66.040272 29.352184 22.958871 38.645929 68.398735
89.449888 69.619563 39.329162 14.077810 19.408382 43.133818 72.585486 63.784682 74.359931 45.146523 15.359836 10.806751 21.153165 55.948820 80.587240 79.082187 55.948820 31.869941 6.379214 9.373973 42.156095 70.449757 75.270518 80.080673 50.266160 17.419494 5.062504 20.036059 48.320525
51.122944 34.100471 27.132101 14.218698 10.806751 27.495560 28.230232 39.789717 45.403709 26.951325 15.794339 10.281137 22.130272 28.415542 39.789717 49.983691 36.215238 21.639411 8.862649 15.215809 33.278196 48.320525 53.179092 47.240737 37.305958 21.639411 12.144643 22.460120 33.687699
20.511867 27.678252 32.268402 27.313511 26.234474 23.462477 19.097376 17.720543 21.153165 25.352159 36.431550 32.068788 22.460120 21.639411 21.476821 19.878424 19.408382 26.591657 28.230232 29.163494 31.474526 22.958871 22.958871 31.474526 36.648770 39.329162 30.306103 28.601518 28.230232
12.280355 29.352184 44.382551 54.391809 56.906034 40.723317 16.822603 5.776551 19.721268 49.983691 67.600571 62.692734 50.266160 23.971036 12.280355 7.111805 25.879740 45.662181 56.265927 64.900181 43.879434 26.771179 18.327948 20.671448 45.662181 55.633645 59.548755 50.266160 36.648770
22.460120 43.381164 74.813220 82.137406 85.946066 62.333815 28.601518 21.153165 35.358927 73.910580 84.279327 89.449888 70.869906 43.879434 18.942572 14.501631 39.100413 67.206061 87.087834 96.563704 69.619563 37.748768 19.097376 23.800960 52.287858 88.849185 86.513799 73.910580 49.702756
34.100471 54.699484 85.384497 118.726602 104.007562 91.295031 41.674079 32.669957 49.983691 82.137406 104.007562 116.640836 97.969226 55.320380 28.415542 24.829907 54.699484 79.082187 100.900321 109.049213 73.465099 42.887649 29.163494 38.872672 64.525669 84.828960 108.174065 90.672640 72.585486
27.678252 52.880305 82.137406 97.969226 109.049213 72.585486 44.635957 33.074654 47.508578 78.102612 110.845227 97.969226 93.208442 58.210517 31.082112 22.625837 53.781896 78.590080 90.057651 95.195370 76.667182 48.320525 23.126195 25.879740 60.575658 90.057651 107.313479 94.524544 59.210935
15.939988 50.550181 73.910580 80.587240 76.667182 60.231087 33.687699 22.460120 28.230232 55.633645 81.098817 89.449888 73.023422 41.196513 12.552853 16.379413 42.398799 68.398735 78.590080 68.802484 60.231087 27.495560 16.674451 21.802515 39.789717 72.151226 92.562741 72.585486 44.635957
11.471371 35.358927 38.645929 44.890610 44.890610 33.278196 16.232523 11.471371 22.958871 37.305958 53.781896 58.210517 47.508578 25.879740 6.866453 9.631543 26.951325 49.983691 49.983691 56.265927 37.305958 20.511867 5.896523 11.204498 32.669957 38.645929 51.994161 44.890610 25.003406
38.420176 30.499016 24.656988 18.942572 26.412757 25.527422 27.678252 26.771179 23.462477 24.484645 23.800960 24.829907 29.541566 17.720543 19.252645 19.564588 29.163494 31.474526 19.878424 14.077810 21.153165 21.639411 15.794339 21.476821 18.942572 21.314740 18.175427 23.462477 28.415542
58.541844 45.403709 22.958871 6.622260 9.502598 32.268402 44.890610 48.048457 47.240737 30.887015 9.373973 2.077388 24.312875 41.196513 48.594032 56.584990 44.635957 24.656988 10.412041 12.009286 33.482542 40.723317 44.635957 34.100471 27.678252 7.482028 4.944448 21.153165 38.872672
86.513799 59.210935 35.571679 8.862649 15.359836 42.398799 65.277426 77.141246 79.579021 49.145423 19.878424 15.215809 33.482542 59.210935 88.849185 79.579021 69.619563 38.195403 17.419494 24.141673 54.391809 74.813220 82.664627 80.080673 48.048457 21.153165 9.373973 30.306103 55.948820
99.414012 78.102612 37.971604 19.721268 24.141673 63.054161 88.255378 119.801901 105.634111 76.667182 32.669957 19.564588 44.635957 77.619695 106.466979 104.007562 82.137406 49.145423 41.914525 37.748768 69.619563 87.668312 109.939424 94.524544 76.667182 35.358927 26.771179 45.662181 89.449888
