0.00000 0.00000 12.50000
7.84300 8.64500 12.50000
0.00000 7.41000 12.50000
7.84300 6.17500 12.50000
6.41700 8.64500 12.50000
5.70400 7.41000 12.50000
6.41700 6.17500 12.50000
5.70400 0.00000 12.50000
4.27800 0.00000 12.50000
3.56500 8.64500 12.50000
4.27800 7.41000 12.50000
3.56500 6.17500 12.50000
2.13900 8.64500 12.50000
1.42600 7.41000 12.50000
2.13900 6.17500 12.50000
1.42600 0.00000 12.50000
0.00000 4.94000 12.50000
7.84300 3.70500 12.50000
0.00000 2.47000 12.50000
7.84300 1.23500 12.50000
6.41700 3.70500 12.50000
5.70400 2.47000 12.50000
6.41700 1.23500 12.50000
5.70400 4.94000 12.50000
4.27800 4.94000 12.50000
3.56500 3.70500 12.50000
4.27800 2.47000 12.50000
3.56500 1.23500 12.50000
2.13900 3.70500 12.50000
1.42600 2.47000 12.50000
2.13900 1.23500 12.50000
1.42600 4.94000 12.50000
0.00000 9.88000 12.50000
5.70400 9.88000 12.50000
4.27800 9.88000 12.50000
1.42600 9.88000 12.50000
0.00000 14.82000 12.50000
7.84300 13.58500 12.50000
0.00000 12.35000 12.50000
7.84300 11.11500 12.50000
6.41700 13.58500 12.50000
5.70400 12.35000 12.50000
6.41700 11.11500 12.50000
5.70400 14.82000 12.50000
4.27800 14.82000 12.50000
3.56500 13.58500 12.50000
4.27800 12.35000 12.50000
3.56500 11.11500 12.50000
2.13900 13.58500 12.50000
1.42600 12.35000 12.50000
2.13900 11.11500 12.50000
1.42600 14.82000 12.50000
8.55600 0.00000 12.50000
8.55600 7.41000 12.50000
10.69500 8.64500 12.50000
9.98200 7.41000 12.50000
10.69500 6.17500 12.50000
9.98200 0.00000 12.50000
8.55600 4.94000 12.50000
8.55600 2.47000 12.50000
10.69500 3.70500 12.50000
9.98200 2.47000 12.50000
10.69500 1.23500 12.50000
9.98200 4.94000 12.50000
8.55600 9.88000 12.50000
9.98200 9.88000 12.50000
8.55600 14.82000 12.50000
8.55600 12.35000 12.50000
10.69500 13.58500 12.50000
9.98200 12.35000 12.50000
10.69500 11.11500 12.50000
9.98200 14.82000 12.50000
