0.71000 8.65024 17.50000
8.55300 7.41524 17.50000
0.71000 6.18024 17.50000
8.55300 4.94524 17.50000
7.12700 7.41524 17.50000
6.41400 6.18024 17.50000
7.12700 4.94524 17.50000
6.41400 8.65024 17.50000
4.98800 8.65024 17.50000
4.27500 7.41524 17.50000
4.98800 6.18024 17.50000
4.27500 4.94524 17.50000
2.84900 7.41524 17.50000
2.13600 6.18024 17.50000
2.84900 4.94524 17.50000
2.13600 8.65024 17.50000
0.71000 3.71024 17.50000
8.55300 2.47524 17.50000
0.71000 1.24024 17.50000
8.55300 0.00524 17.50000
7.12700 2.47524 17.50000
6.41400 1.24024 17.50000
7.12700 0.00524 17.50000
6.41400 3.71024 17.50000
4.98800 3.71024 17.50000
4.27500 2.47524 17.50000
4.98800 1.24024 17.50000
4.27500 0.00524 17.50000
2.84900 2.47524 17.50000
2.13600 1.24024 17.50000
2.84900 0.00524 17.50000
2.13600 3.71024 17.50000
8.55300 14.82524 17.50000
7.12700 14.82524 17.50000
4.27500 14.82524 17.50000
2.84900 14.82524 17.50000
0.71000 13.59024 17.50000
8.55300 12.35524 17.50000
0.71000 11.12024 17.50000
8.55300 9.88524 17.50000
7.12700 12.35524 17.50000
6.41400 11.12024 17.50000
7.12700 9.88524 17.50000
6.41400 13.59024 17.50000
4.98800 13.59024 17.50000
4.27500 12.35524 17.50000
4.98800 11.12024 17.50000
4.27500 9.88524 17.50000
2.84900 12.35524 17.50000
2.13600 11.12024 17.50000
2.84900 9.88524 17.50000
2.13600 13.59024 17.50000
9.26600 8.65024 17.50000
9.26600 6.18024 17.50000
11.40500 7.41524 17.50000
10.69200 6.18024 17.50000
11.40500 4.94524 17.50000
10.69200 8.65024 17.50000
9.26600 3.71024 17.50000
9.26600 1.24024 17.50000
11.40500 2.47524 17.50000
10.69200 1.24024 17.50000
11.40500 0.00524 17.50000
10.69200 3.71024 17.50000
11.40500 14.82524 17.50000
9.26600 13.59024 17.50000
9.26600 11.12024 17.50000
11.40500 12.35524 17.50000
10.69200 11.12024 17.50000
11.40500 9.88524 17.50000
10.69200 13.59024 17.50000
