6.05945 5.56756 12.49746
6.77245 6.80256 12.49746
6.05945 8.03756 12.49746
6.77245 9.27256 12.49746
8.20055 6.80256 12.49746
4.63555 8.03756 12.49746
8.20055 9.27256 12.49746
4.63555 5.56756 12.49746
1.78145 0.62756 12.49746
2.49445 1.86256 12.49746
1.78145 3.09756 12.49746
2.49445 4.33256 12.49746
3.92255 1.86256 12.49746
0.35755 3.09756 12.49746
3.92255 4.33256 12.49746
0.35755 0.62756 12.49746
1.78145 5.56756 12.49746
2.49445 6.80256 12.49746
1.78145 8.03756 12.49746
2.49445 9.27256 12.49746
3.92255 6.80256 12.49746
0.35755 8.03756 12.49746
3.92255 9.27256 12.49746
0.35755 5.56756 12.49746
6.05945 0.62756 12.49746
6.77245 1.86256 12.49746
6.05945 3.09756 12.49746
6.77245 4.33256 12.49746
8.20055 1.86256 12.49746
4.63555 3.09756 12.49746
8.20055 4.33256 12.49746
4.63555 0.62756 12.49746
1.78145 10.50756 12.49746
2.49445 11.74256 12.49746
1.78145 12.97756 12.49746
2.49445 14.21256 12.49746
3.92255 11.74256 12.49746
0.35755 12.97756 12.49746
3.92255 14.21256 12.49746
0.35755 10.50756 12.49746
6.05945 10.50756 12.49746
6.77245 11.74256 12.49746
6.05945 12.97756 12.49746
6.77245 14.21256 12.49746
8.20055 11.74256 12.49746
4.63555 12.97756 12.49746
8.20055 14.21256 12.49746
4.63555 10.50756 12.49746
10.33745 0.62756 12.49746
11.05045 1.86256 12.49746
10.33745 3.09756 12.49746
11.05045 4.33256 12.49746
8.91355 3.09756 12.49746
8.91355 0.62756 12.49746
10.33745 5.56756 12.49746
11.05045 6.80256 12.49746
10.33745 8.03756 12.49746
11.05045 9.27256 12.49746
8.91355 8.03756 12.49746
8.91355 5.56756 12.49746
10.33745 10.50756 12.49746
11.05045 11.74256 12.49746
10.33745 12.97756 12.49746
11.05045 14.21256 12.49746
8.91355 12.97756 12.49746
8.91355 10.50756 12.49746
