6.06155 5.54744 17.50254
6.77455 6.78244 17.50254
6.06155 8.01744 17.50254
6.77455 9.25244 17.50254
8.19845 6.78244 17.50254
4.63345 8.01744 17.50254
8.19845 9.25244 17.50254
4.63345 5.54744 17.50254
1.78355 0.60744 17.50254
2.49655 1.84244 17.50254
1.78355 3.07744 17.50254
2.49655 4.31244 17.50254
3.92045 1.84244 17.50254
0.35545 3.07744 17.50254
3.92045 4.31244 17.50254
0.35545 0.60744 17.50254
1.78355 5.54744 17.50254
2.49655 6.78244 17.50254
1.78355 8.01744 17.50254
2.49655 9.25244 17.50254
3.92045 6.78244 17.50254
0.35545 8.01744 17.50254
3.92045 9.25244 17.50254
0.35545 5.54744 17.50254
6.06155 0.60744 17.50254
6.77455 1.84244 17.50254
6.06155 3.07744 17.50254
6.77455 4.31244 17.50254
8.19845 1.84244 17.50254
4.63345 3.07744 17.50254
8.19845 4.31244 17.50254
4.63345 0.60744 17.50254
1.78355 10.48744 17.50254
2.49655 11.72244 17.50254
1.78355 12.95744 17.50254
2.49655 14.19244 17.50254
3.92045 11.72244 17.50254
0.35545 12.95744 17.50254
3.92045 14.19244 17.50254
0.35545 10.48744 17.50254
6.06155 10.48744 17.50254
6.77455 11.72244 17.50254
6.06155 12.95744 17.50254
6.77455 14.19244 17.50254
8.19845 11.72244 17.50254
4.63345 12.95744 17.50254
8.19845 14.19244 17.50254
4.63345 10.48744 17.50254
10.33955 0.60744 17.50254
11.05255 1.84244 17.50254
10.33955 3.07744 17.50254
11.05255 4.31244 17.50254
8.91145 3.07744 17.50254
8.91145 0.60744 17.50254
10.33955 5.54744 17.50254
11.05255 6.78244 17.50254
10.33955 8.01744 17.50254
11.05255 9.25244 17.50254
8.91145 8.01744 17.50254
8.91145 5.54744 17.50254
10.33955 10.48744 17.50254
11.05255 11.72244 17.50254
10.33955 12.95744 17.50254
11.05255 14.19244 17.50254
8.91145 12.95744 17.50254
8.91145 10.48744 17.50254
