3588.588707507519 16.512192211390687 0.8847330081371239 1.2104953350349474
3605.8560147476483 4.694656229441962 1.0756906344558677 1.0695794829466627
3547.8987392275785 22.566692858509857 12.979813955188908 9.552194019059286
3538.782506422037 40.54897936443082 10.094639653896138 7.7705499948057435
3603.60822082219 5.744784678301288 3.993535373229105 2.5264735908889153
3607.4350562501013 2.2764371953282496 0.961980912602056 0.3737053362925757
3606.8828329317284 3.279633446593232 1.2682881746490686 0.8489684442014286
3569.432586149759 33.103176793819685 2.1362061586165044 1.8663650706614425
3589.9434506040407 16.643626565050894 3.9063762140671843 2.7518467074085504
3516.5936522781194 13.602436870736716 65.34047606725308 77.76216646295732
3471.799481437184 61.848745334731206 164.55563992257518 138.50271388243837
3185.604149627332 170.88200283024904 218.54747478981395 163.51468352255986
3059.6957501546767 206.67511900986338 95.14580869578701 97.89345702694216
3136.978025744047 99.95608399215732 100.90661022178986 138.5534469370888
2961.9599073317913 110.70232218026418 143.2100220866111 141.59438730454184
2700.305845185914 227.00638667834968 168.05203094668096 125.71104311114414
2495.3102246387525 278.8629155611944 241.47756160251666 172.25134187034902
2868.327349945464 144.89105851635728 237.25028644075445 177.312258206139
2357.868894376383 121.39651352710331 185.66744568887472 134.44726907724237
2351.709883807801 73.70439973020555 114.7726588464562 82.31638190529308
2172.957426443608 227.92375355220943 124.91543692388521 156.23483542681925
2414.5832553401124 64.64454929737353 181.13389861656367 167.48156511199005
2330.8269094653624 65.64014679108307 107.36557449840282 96.71025469342297
2639.4745412385228 282.197564964056 86.73083112884736 56.83100718563438
2263.713434266048 145.4041634128055 61.873673840466246 42.10640999348984
2305.990092406791 112.93909446929334 55.17533717994313 47.77806546892157
