3352.662488846847 64.95453414800406 25.113218794239923 6.716642285020447
3342.2530833760256 51.232911341649746 31.10502357004456 7.5554794876426365
3325.095379801799 50.42919583058236 27.442300024878325 8.186549436800654
3331.842471686835 58.30457706086597 35.69680689803296 10.611201700105735
3328.7667361591266 52.029594803600645 41.49758833764746 9.163343202798425
3337.822958184439 42.809797378882315 37.8544817815047 10.962121215253404
3330.2060331178436 59.596006019569174 61.692554768859324 49.91933466061505
3315.2953813583504 85.49295848063574 94.38299552900466 104.1193903727431
3299.4481536016256 90.82047021313859 102.44538085058714 103.52441404079252
3308.749355708099 66.93274895865187 95.40548147076805 69.03162654460986
3283.1696487206827 75.8266810425609 106.27205733476289 81.26810254682927
3226.84322652544 109.13812089737227 153.61444430529633 106.70933586459155
3185.9811123576487 108.26138566803189 149.70012953719566 94.72753332311657
3195.1503702904033 106.65015719592004 79.87622977029415 51.19226211663674
3168.3477917067244 78.31848571308885 74.12240769413384 32.96702691823577
3163.1599196562106 68.48531073898566 65.85190505263236 34.021275051829356
3050.7261831603328 114.2781121667668 89.48290411376867 35.813716646259856
2917.3570933968163 189.58774798577747 133.90026315807296 71.89550685670665
2692.641033111585 326.777071717826 136.4371722253135 52.027734148624916
2619.609605296664 277.5611960629695 130.88553032256277 64.91061691013284
2563.1691087269946 256.09212595202854 119.50132138970116 26.341942183932296
2519.449337016813 280.9228838113623 79.57776892788588 8.543600810882618
2519.5708550526183 268.75415326163716 72.73009278626265 13.883426733107179
2481.944839077755 274.4571947537375 68.89055655379431 8.298337338035184
2489.5468764133902 239.88965057265293 66.55768065857964 15.851277298490096
2498.391632324608 237.16455439599338 74.63978997187436 17.90892711212714
