100 3352.662488846847 64.95453414800406
120 3342.2530833760256 51.232911341649746
140 3325.095379801799 50.42919583058236
160 3331.842471686835 58.30457706086597
180 3328.7667361591266 52.029594803600645
200 3337.822958184439 42.809797378882315
220 3330.2060331178436 59.596006019569174
240 3315.2953813583504 85.49295848063574
260 3299.4481536016256 90.82047021313859
280 3308.749355708099 66.93274895865187
300 3283.1696487206827 75.8266810425609
320 3226.84322652544 109.13812089737227
340 3185.9811123576487 108.26138566803189
360 3195.1503702904033 106.65015719592004
380 3168.3477917067244 78.31848571308885
400 3163.1599196562106 68.48531073898566
420 3050.7261831603328 114.2781121667668
440 2917.3570933968163 189.58774798577747
460 2692.641033111585 326.777071717826
480 2619.609605296664 277.5611960629695
500 2563.1691087269946 256.09212595202854
520 2519.449337016813 280.9228838113623
540 2519.5708550526183 268.75415326163716
560 2481.944839077755 274.4571947537375
580 2489.5468764133902 239.88965057265293
600 2498.391632324608 237.16455439599338
