100 3588.588707507519 16.512192211390687
120 3605.8560147476483 4.694656229441962
140 3547.8987392275785 22.566692858509857
160 3538.782506422037 40.54897936443082
180 3603.60822082219 5.744784678301288
200 3607.4350562501013 2.2764371953282496
220 3606.8828329317284 3.279633446593232
240 3569.432586149759 33.103176793819685
260 3589.9434506040407 16.643626565050894
280 3516.5936522781194 13.602436870736716
300 3471.799481437184 61.848745334731206
320 3185.604149627332 170.88200283024904
340 3059.6957501546767 206.67511900986338
360 3136.978025744047 99.95608399215732
380 2961.9599073317913 110.70232218026418
400 2700.305845185914 227.00638667834968
420 2495.3102246387525 278.8629155611944
440 2868.327349945464 144.89105851635728
460 2357.868894376383 121.39651352710331
480 2351.709883807801 73.70439973020555
500 2172.957426443608 227.92375355220943
520 2414.5832553401124 64.64454929737353
540 2330.8269094653624 65.64014679108307
560 2639.4745412385228 282.197564964056
580 2263.713434266048 145.4041634128055
600 2305.990092406791 112.93909446929334
