100 -218611.8420117012
120 -218610.48460126013
140 -218609.3863987399
160 -218608.24356525653
180 -218607.11384248428
200 -218606.0399936994
220 -218604.89578937893
240 -218603.84237083708
260 -218602.7053124665
280 -218601.57052416625
300 -218600.2754118067
320 -218596.11478937895
340 -218593.966289829
360 -218592.27840774076
380 -218590.186270027
400 -218589.01980018005
420 -218586.73075787578
440 -218585.22728982897
460 -218583.89559405943
480 -218582.2700207021
500 -218580.76980738074
520 -218579.29462646262
540 -218578.01078937892
560 -218576.56488298828
580 -218575.2201269127
600 -218574.00119171917
