-218611.8420117012 100
-218610.48460126013 120
-218609.3863987399 140
-218608.24356525653 160
-218607.11384248428 180
-218606.0399936994 200
-218604.89578937893 220
-218603.84237083708 240
-218602.7053124665 260
-218601.57052416625 280
-218600.2754118067 300
-218596.11478937895 320
-218593.966289829 340
-218592.27840774076 360
-218590.186270027 380
-218589.01980018005 400
-218586.73075787578 420
-218585.22728982897 440
-218583.89559405943 460
-218582.2700207021 480
-218580.76980738074 500
-218579.29462646262 520
-218578.01078937892 540
-218576.56488298828 560
-218575.2201269127 580
-218574.00119171917 600
