100 -218602.1624631295
120 -218601.09836780574
140 -218599.8815980216
160 -218598.5562128225
180 -218596.48764065673
200 -218594.73785160278
220 -218592.92860881294
240 -218591.37863758995
260 -218589.86609622304
280 -218588.5870053957
300 -218587.1054919065
320 -218585.508471223 
340 -218584.11360251802
360 -218582.64690017988
380 -218581.03958723025
400 -218579.66378057556
420 -218578.31706744604
440 -218577.07245593527
460 -218575.72260431657
480 -218574.28649190647
500 -218573.08801888488
520 -218571.77872392087
540 -218570.5495755396
560 -218569.41923651082
580 -218568.31102967626
600 -218567.15190197845
