-218602.1624631295
-218601.09836780574
-218599.8815980216
-218598.5562128225
-218596.48764065673
-218594.73785160278
-218592.92860881294
-218591.37863758995
-218589.86609622304
-218588.5870053957
-218587.1054919065
-218585.508471223
-218584.11360251802
-218582.64690017988
-218581.03958723025
-218579.66378057556
-218578.31706744604
-218577.07245593527
-218575.72260431657
-218574.28649190647
-218573.08801888488
-218571.77872392087
-218570.5495755396
-218569.41923651082
-218568.31102967626
-218567.15190197845
