0.00012234348624792093 5.991679786977261e-05
-0.0001779886905596038 0.00011837852184730517
-7.594056300228518e-05 0.00011535300139577165
-7.668388277860937e-05 0.00015522440546948503
2.7153363292784953e-05 4.961082570245008e-05
9.555104568864565e-05 0.00022110174296579012
-7.049559503343762e-06 0.00015708392259267034
1.7737867248306297e-05 6.534112076711524e-05
2.3164055853427407e-06 5.1252171298694525e-05
9.983402383627727e-06 3.890273774934788e-05
3.0470796163413996e-05 5.324579656698858e-05
0.0012488827778269127 0.002756758437857573
0.0068450618423852895 0.004816552919147192
0.012176986404141351 0.0072822103397489355
0.017150593534508905 0.007568560863676685
0.020844234225532842 0.009197110124301895
0.02881553582811282 0.017683943628890586
0.03626384440634614 0.010347738047987639
0.03373909664684723 0.010424864131647754
0.03303752595938963 0.02100120656958809
0.03687604113230891 0.024552243803527007
0.058174239285139484 0.021260215602442106
0.06945168068889311 0.03486981778192473
0.08639995960000568 0.03092542583953343
0.08281296446888553 0.019340898603170748
0.1254230028786769 0.032334663951664316
