5.589296315227944e-05 0.00019488351114111337 100
-4.1451642476219266e-05 0.0001598975025226073 120
0.0002173594319679463 0.00013384424169561666 140
3.789041576401153e-05 4.172347891362572e-05 160
0.0005583006779900739 0.0002597557926699018 180
0.0016745774180901667 0.0007244035753774062 200
0.008212246286761845 0.003999760684852816 220
0.013533288070265386 0.005505287589380024 240
0.013456227358368282 0.004511635650062284 260
0.02304783887992773 0.01078364795223286 280
0.03367729889306612 0.013617696552659734 300
0.04500571927652224 0.020040754569077928 320
0.05905901956950125 0.012747704847594975 340
0.0755432920414166 0.014776026547435407 360
0.08116754754924858 0.03235354025718148 380
0.0958749287491183 0.036875273616619346 400
0.08680533733831254 0.02872250405407792 420
0.15309784409602586 0.04014014932345187 440
0.15448672714641012 0.023092514157363235 460
0.1577222428238945 0.029231956915569453 480
0.17629349143174658 0.0279619244996067 500
0.2139241229676269 0.0330638000269392 520
0.2509618790140227 0.11550653726457315 540
0.23468895384073626 0.03582096312807819 560
0.2541360052229212 0.0832936088850756 580
0.3885131111584062 0.07276383818830956 600
